Auto/job_201404041030_2540_1403738224421_hung_Hung-H2IRG-Auto-1	602	13	615
Auto/job_201404041030_2542_1403738972462_hung_Hung-H2IRG-Auto-1	607	13	620
Auto/job_201404041030_2544_1403739756646_hung_Hung-H2IRG-Auto-1	605	17	622
Auto/job_201404041030_2546_1403740470435_hung_Hung-H2IRG-Auto-1	612	14	626
Auto/job_201404041030_2548_1403741236434_hung_Hung-H2IRG-Auto-1	606	15	621
Auto/job_201404041030_2550_1403742015359_hung_Hung-H2IRG-Auto-1	608	13	621
Auto/job_201404041030_2566_1403767910728_hung_Hung-H2IRG-Auto-1	934	83	1017
Auto/job_201404041030_2568_1403769124844_hung_Hung-H2IRG-Auto-1	936	86	1022
Auto/job_201404041030_2571_1403770418141_hung_Hung-H2IRG-Auto-1	941	85	1026
Auto/job_201404041030_2573_1403771565402_hung_Hung-H2IRG-Auto-1	939	82	1021
Auto/job_201404041030_2575_1403772804347_hung_Hung-H2IRG-Auto-1	940	86	1026
Auto/job_201404041030_2577_1403774195774_hung_Hung-H2IRG-Auto-1	940	86	1026
