Estimate/job_201404041030_2539_1403738117636_hung_Hung-EstimateISD	47	30	77
Estimate/job_201404041030_2541_1403738853544_hung_Hung-EstimateISD	55	30	85
Estimate/job_201404041030_2543_1403739604288_hung_Hung-EstimateISD	67	45	112
Estimate/job_201404041030_2545_1403740388484_hung_Hung-EstimateISD	33	22	55
Estimate/job_201404041030_2547_1403741111085_hung_Hung-EstimateISD	63	31	94
Estimate/job_201404041030_2549_1403741876386_hung_Hung-EstimateISD	65	36	101
Estimate/job_201404041030_2565_1403767783695_hung_Hung-EstimateISD	43	58	101
Estimate/job_201404041030_2567_1403768941452_hung_Hung-EstimateISD	52	101	153
Estimate/job_201404041030_2569_1403770164655_hung_Hung-EstimateISD	70	147	217
Estimate/job_201404041030_2572_1403771454717_hung_Hung-EstimateISD	34	52	86
Estimate/job_201404041030_2574_1403772603268_hung_Hung-EstimateISD	64	106	170
Estimate/job_201404041030_2576_1403773847787_hung_Hung-EstimateISD	116	187	303
